423453245,1,Gold/Diamond,1200.63,1,6,0,12/15/2007
345653425,2,Gold/Diamond,4568.96,1,2,3,6/26/2001
423148894,3,TMB,475.12,0,0,0,5/8/2012
677879013,4,TMB,45.36,1,10,1,9/12/2020
345599870,5,Gold/Diamond,78541.52,0,0,2,1/23/2021
423567890,6,TMB,250245.37,1,7,1,6/5/2009
345812332,7,Gold/Diamond,87562.89,1,4,0,7/12/2002
345879912,8,Gold/Diamond,5478.24,1,5,1,9/18/2000
423168945,9,TMB,450216.95,0,0,0,3/15/2011
235445789,10,TMB,4587.57,0,0,0,4/16/2008
436789213,11,Gold/Diamond,8562.1,1,8,2,3/14/2021
233435656,12,Gold/Diamond,852.61,1,1,1,7/26/2006
435678787,13,TMB,7561.02,0,0,1,2/3/2012
563432913,14,TMB,654.89,1,9,0,4/16/2005
345679898,15,Gold/Diamond,5420.69,1,3,2,6/6/1999
423453245,16,TMB,4242.42,0,0,0,1/3/2015
345599870,17,Gold/Diamond,8888.88,0,0,1,3/17/2007
436789213,18,Gold/Diamond,86753.09,1,0,0,5/18/2016
345812332,19,TMB,745.12,1,0,0,5/26/2017
563432913,20,TMB,8965.09,0,0,0,8/19/2003
